1919
369
264
6235
10597
22527
314
279
94408
23470
5313
1669
303
6278
2263
74593
1040
279
19952
10808
326
321
30238
220
20
13
1394
2908
12083
10503
279
1328
6599
321
836
916
1315
25
271
16
13
220
2972
39
1356
46420
1987
34
6765
92217
561
10286
314
23547
30746
220
17
13540
34523
321
36737
7096
220
17
21966
34523
2785
264
3074
717
10020
28589
558
318
4272
34
8
369
264
94327
314
6278
2263
2790
13
1061
5954
364
10727
3274
7731
1332
279
13540
13081
4437
11870
321
279
21966
13771
942
13775
321
14328
11
14791
944
31600
13
198
17
13
220
2972
82428
13453
36593
92217
561
958
314
5904
469
68376
21
4779
318
16
15
18295
2702
11
3835
23
18295
364
1156
14548
5851
14143
8
369
264
8751
2086
34927
494
8343
16985
80837
13
3113
38192
279
1144
364
11135
87567
24644
29612
1881
264
41755
21966
321
1785
21360
11
795
6977
8772
11602
10281
321
777
10727
13
1061
369
7695
22957
364
944
31600
421
1325
20125
795
9013
1881
13540
321
21966
13
198
18
13
220
2972
10327
16439
2998
430
279
35032
57018
92217
4465
21254
8559
5484
6618
42903
369
7458
383
13
1690
41163
3983
11
5142
2261
279
16401
9956
11
5122
4528
34030
494
4779
369
3428
279
31802
7911
11
524
279
6891
12204
2279
314
279
21966
13
561
19952
10808
326
579
220
17
17
fnv1a=22cbceb7a7c9a935
